150
150
1
0
0
0
1
1
1
0;0;0;1
1;0;0;1
2;0;0;1
3;0;0;1
4;0;0;1
5;0;0;1
6;0;0;1
7;0;0;1
8;0;0;1
9;0;0;1
10;0;0;1
11;0;0;1
12;0;0;1
13;0;0;0
14;0;0;0
15;0;0;0
16;0;0;0
17;0;0;0
18;0;0;0
19;0;0;0
20;0;0;0
21;0;0;1
147;90;0;0
148;90;0;0
149;90;0;0
0;91;0;0
1;91;0;0
2;91;0;0
3;91;0;0
4;91;0;0
5;91;0;0
6;91;0;0
7;91;0;0
8;91;0;0
9;91;0;0
10;91;0;0
11;91;0;0
12;91;0;0
13;91;0;0
14;91;0;0
15;91;0;0
16;91;0;0
17;91;0;0
18;91;0;0
19;91;0;0
20;91;0;0
21;91;0;0
22;91;0;0
23;91;0;0
24;91;0;0
25;91;0;0
26;91;0;0
27;91;0;0
28;91;0;0
29;91;0;0
30;91;0;0
31;91;0;0
32;91;0;0
33;91;0;0
34;91;0;0
35;91;0;0
36;91;0;0
37;91;0;0
38;91;0;0
41;114;0;1
42;114;0;1
43;114;0;0
44;114;0;0
45;114;0;0
46;114;0;0
47;114;0;0
48;114;0;0
49;114;0;0
50;114;0;0
51;114;0;0
52;114;0;0
53;114;0;0
54;114;0;0
55;114;0;0
56;114;0;0
57;114;0;0
58;114;0;0
59;114;0;0
60;114;0;0
61;114;0;0
62;114;0;0
63;114;0;1
64;114;0;1
65;114;0;1
66;114;0;1
67;114;0;1
68;114;0;1
69;114;0;1
70;114;0;1
71;114;0;1
72;114;0;1
73;114;0;1
74;114;0;1
75;114;0;1
76;114;0;1
77;114;0;1
78;114;0;1
79;114;0;1
80;114;0;1
81;114;0;1
82;114;0;1
83;114;0;1
84;114;0;1
85;114;0;1
86;114;0;1
87;114;0;1
88;114;0;1
89;114;0;1
90;114;0;1
91;114;0;1
92;114;0;1
93;114;0;1
94;114;0;1
95;114;0;1
96;114;0;1
97;114;0;1
98;114;0;1
99;114;0;1
100;114;0;1
101;114;0;1
102;114;0;1
103;114;0;1
104;114;0;1
105;114;0;1
106;114;0;1
107;114;0;1
108;114;0;1
109;114;0;1
110;114;0;1
111;114;0;1
112;114;0;1
113;114;0;1
114;114;0;1
115;114;0;1
116;114;0;1
117;114;0;1
118;114;0;1
119;114;0;1
120;114;0;0
121;114;0;1
122;114;0;1
123;114;0;1
124;114;0;1
125;114;0;0
126;114;0;0
127;114;0;0
128;114;0;0
129;114;0;0
130;114;0;0
131;114;0;0
132;114;0;0
133;114;0;0
134;114;0;0
135;114;0;0
136;114;0;0
137;114;0;0
138;114;0;0
139;114;0;0
140;114;0;0
141;114;0;0
142;114;0;0
143;114;0;0
144;114;0;0
145;114;0;1
146;114;0;1
147;114;0;1
148;114;0;1
149;114;0;1
0;115;0;0
1;115;0;0
2;115;0;0
3;115;0;0
4;115;0;0
5;115;0;0
6;115;0;0
7;115;0;0
8;115;0;0
9;115;0;0
10;115;0;0
11;115;0;0
12;115;0;1
13;115;0;1
14;115;0;1
15;115;0;1
16;115;0;1
17;115;0;1
18;115;0;1
19;115;0;1
20;115;0;1
21;115;0;1
22;115;0;1
23;115;0;1
24;115;0;1
25;115;0;1
26;115;0;1
27;115;0;1
28;115;0;1
29;115;0;1
30;115;0;1
31;115;0;1
32;115;0;1
33;115;0;1
34;115;0;1
35;115;0;1
36;115;0;1
37;115;0;1
38;115;0;1
39;115;0;1
40;115;0;1
41;115;0;1
42;115;0;1
43;115;0;1
44;115;0;1
45;115;0;0
46;115;0;0
47;115;0;0
48;115;0;0
49;115;0;0
50;115;0;0
51;115;0;0
52;115;0;0
53;115;0;0
54;115;0;0
55;115;0;0
56;115;0;0
57;115;0;0
58;115;0;0
59;115;0;0
60;115;0;1
61;115;0;1
62;115;0;1
63;115;0;1
64;115;0;1
65;115;0;1
66;115;0;1
67;115;0;1
68;115;0;1
69;115;0;1
70;115;0;1
71;115;0;1
72;115;0;1
73;115;0;1
74;115;0;1
75;115;0;1
76;115;0;1
77;115;0;1
78;115;0;1
79;115;0;1
80;115;0;1
81;115;0;1
82;115;0;1
83;115;0;1
84;115;0;1
85;115;0;1
86;115;0;1
87;115;0;1
88;115;0;1
89;115;0;1
90;115;0;1
91;115;0;1
92;115;0;1
93;115;0;1
94;115;0;1
95;115;0;1
96;115;0;1
97;115;0;1
98;115;0;1
99;115;0;1
100;115;0;1
101;115;0;1
102;115;0;1
103;115;0;1
104;115;0;1
105;115;0;1
106;115;0;1
107;115;0;1
108;115;0;1
109;115;0;1
110;115;0;1
111;115;0;1
112;115;0;1
113;115;0;1
114;115;0;1
115;115;0;1
116;115;0;1
117;115;0;1
118;115;0;1
119;115;0;1
120;115;0;1
121;115;0;1
122;115;0;1
123;115;0;1
124;115;0;1
125;115;0;1
126;115;0;1
127;115;0;0
128;115;0;0
129;115;0;0
130;115;0;0
131;115;0;0
132;115;0;0
133;115;0;0
134;115;0;0
135;115;0;0
136;115;0;0
137;115;0;0
138;115;0;0
139;115;0;0
140;115;0;0
141;115;0;0
142;115;0;0
143;115;0;0
144;115;0;1
145;115;0;1
146;115;0;1
147;115;0;1
148;115;0;1
149;115;0;1
0;116;0;0
1;116;0;0
2;116;0;0
3;116;0;0
4;116;0;0
5;116;0;0
6;116;0;0
7;116;0;0
8;116;0;0
9;116;0;0
10;116;0;0
11;116;0;1
12;116;0;1
13;116;0;1
14;116;0;1
15;116;0;1
16;116;0;1
17;116;0;1
18;116;0;1
19;116;0;1
20;116;0;1
21;116;0;1
22;116;0;1
23;116;0;1
24;116;0;1
25;116;0;1
26;116;0;1
27;116;0;1
28;116;0;1
29;116;0;1
30;116;0;1
31;116;0;1
32;116;0;1
33;116;0;1
34;116;0;1
35;116;0;1
36;116;0;1
37;116;0;1
38;116;0;1
39;116;0;1
40;116;0;1
41;116;0;1
42;116;0;1
43;116;0;1
44;116;0;1
45;116;0;1
46;116;0;1
47;116;0;0
48;116;0;0
49;116;0;0
50;116;0;0
51;116;0;0
52;116;0;0
53;116;0;0
54;116;0;0
55;116;0;0
56;116;0;0
57;116;0;0
58;116;0;1
59;116;0;1
60;116;0;1
61;116;0;1
62;116;0;1
63;116;0;1
64;116;0;1
65;116;0;1
66;116;0;1
67;116;0;1
68;116;0;1
69;116;0;1
70;116;0;1
71;116;0;1
72;116;0;1
73;116;0;1
74;116;0;1
75;116;0;1
76;116;0;1
77;116;0;1
78;116;0;1
79;116;0;1
80;116;0;1
81;116;0;1
82;116;0;1
83;116;0;1
84;116;0;1
85;116;0;1
86;116;0;1
87;116;0;1
88;116;0;1
89;116;0;1
90;116;0;1
91;116;0;1
92;116;0;1
93;116;0;1
94;116;0;1
95;116;0;1
96;116;0;1
97;116;0;1
98;116;0;1
99;116;0;1
100;116;0;1
101;116;0;1
102;116;0;1
103;116;0;1
104;116;0;1
105;116;0;1
106;116;0;1
107;116;0;1
108;116;0;1
109;116;0;1
110;116;0;1
111;116;0;1
112;116;0;1
113;116;0;1
114;116;0;1
115;116;0;1
116;116;0;1
117;116;0;1
118;116;0;1
119;116;0;1
120;116;0;1
121;116;0;1
122;116;0;1
123;116;0;1
124;116;0;1
125;116;0;1
126;116;0;1
127;116;0;1
128;116;0;1
129;116;0;0
130;116;0;0
131;116;0;0
132;116;0;0
133;116;0;0
134;116;0;0
135;116;0;0
136;116;0;0
137;116;0;0
138;116;0;0
139;116;0;0
140;116;0;1
141;116;0;1
142;116;0;1
143;116;0;1
144;116;0;1
145;116;0;1
146;116;0;1
147;116;0;1
148;116;0;1
149;116;0;1
0;117;0;0
1;117;0;0
2;117;0;0
3;117;0;0
4;117;0;0
5;117;0;0
6;117;0;0
7;117;0;0
8;117;0;0
9;117;0;0
10;117;0;0
11;117;0;1
12;117;0;1
13;117;0;1
14;117;0;1
15;117;0;1
16;117;0;1
17;117;0;1
18;117;0;1
19;117;0;1
20;117;0;1
21;117;0;1
56;118;0;1
57;118;0;1
58;118;0;1
59;118;0;1
60;118;0;1
61;118;0;1
62;118;0;1
63;118;0;1
64;118;0;1
65;118;0;1
66;118;0;1
67;118;0;1
68;118;0;1
69;118;0;1
70;118;0;1
71;118;0;1
72;118;0;1
73;118;0;1
74;118;0;1
75;118;0;1
76;118;0;1
77;118;0;0
78;118;0;1
79;118;0;1
80;118;0;1
81;118;0;1
82;118;0;1
83;118;0;1
84;118;0;1
85;118;0;1
86;118;0;1
87;118;0;1
88;118;0;1
89;118;0;1
90;118;0;1
91;118;0;1
92;118;0;1
93;118;0;1
94;118;0;1
95;118;0;1
96;118;0;1
97;118;0;1
98;118;0;1
99;118;0;1
100;118;0;1
101;118;0;1
102;118;0;1
103;118;0;1
104;118;0;1
105;118;0;1
106;118;0;1
107;118;0;1
108;118;0;1
109;118;0;1
110;118;0;1
111;118;0;1
112;118;0;1
113;118;0;1
114;118;0;1
115;118;0;1
116;118;0;1
117;118;0;1
118;118;0;1
119;118;0;1
120;118;0;1
121;118;0;1
122;118;0;1
123;118;0;1
124;118;0;1
125;118;0;1
126;118;0;1
127;118;0;1
128;118;0;1
129;118;0;1
130;118;0;1
131;118;0;1
132;118;0;1
133;118;0;1
134;118;0;1
135;118;0;0
136;118;0;0
137;118;0;1
138;118;0;1
139;118;0;1
140;118;0;1
141;118;0;1
142;118;0;1
143;118;0;1
144;118;0;1
145;118;0;1
146;118;0;1
147;118;0;1
148;118;0;1
149;118;0;1
0;119;0;0
1;119;0;0
2;119;0;0
3;119;0;0
4;119;0;0
5;119;0;0
6;119;0;0
7;119;0;0
8;119;0;0
9;119;0;0
10;119;0;0
11;119;0;1
12;119;0;1
13;119;0;1
14;119;0;1
15;119;0;1
16;119;0;1
17;119;0;1
18;119;0;1
19;119;0;1
20;119;0;1
21;119;0;1
22;119;0;1
23;119;0;1
24;119;0;1
25;119;0;1
26;119;0;1
27;119;0;1
28;119;0;1
29;119;0;1
30;119;0;1
31;119;0;1
32;119;0;1
33;119;0;1
34;119;0;1
35;119;0;1
36;119;0;1
37;119;0;1
38;119;0;1
39;119;0;1
40;119;0;1
41;119;0;1
42;119;0;1
43;119;0;1
44;119;0;1
45;119;0;1
46;119;0;1
47;119;0;1
48;119;0;1
49;119;0;1
50;119;0;1
51;119;0;1
52;119;0;1
53;119;0;1
54;119;0;1
55;119;0;1
56;119;0;1
57;119;0;1
58;119;0;1
59;119;0;1
60;119;0;1
61;119;0;1
62;119;0;1
63;119;0;1
64;119;0;1
65;119;0;1
66;119;0;1
67;119;0;1
68;119;0;1
69;119;0;1
70;119;0;1
71;119;0;1
72;119;0;1
73;119;0;1
74;119;0;1
75;119;0;1
76;119;0;0
77;119;0;1
78;119;0;1
79;119;0;1
80;119;0;1
81;119;0;1
82;119;0;1
83;119;0;1
84;119;0;1
85;119;0;1
86;119;0;1
87;119;0;1
88;119;0;1
89;119;0;1
90;119;0;1
91;119;0;1
92;119;0;1
93;119;0;1
94;119;0;1
95;119;0;1
96;119;0;1
97;119;0;1
98;119;0;1
99;119;0;1
100;119;0;1
101;119;0;1
102;119;0;1
103;119;0;1
104;119;0;1
105;119;0;1
106;119;0;1
107;119;0;1
108;119;0;1
109;119;0;1
110;119;0;1
111;119;0;1
112;119;0;1
113;119;0;1
114;119;0;1
115;119;0;1
116;119;0;1
117;119;0;1
118;119;0;1
119;119;0;1
120;119;0;1
121;119;0;1
122;119;0;1
123;119;0;1
124;119;0;1
125;119;0;1
126;119;0;1
127;119;0;1
128;119;0;1
129;119;0;1
130;119;0;1
131;119;0;1
132;119;0;1
133;119;0;1
134;119;0;1
135;119;0;0
136;119;0;0
137;119;0;1
138;119;0;1
139;119;0;1
140;119;0;1
141;119;0;1
142;119;0;1
143;119;0;1
144;119;0;1
145;119;0;1
146;119;0;1
147;119;0;1
148;119;0;1
149;119;0;1
0;120;0;0
1;120;0;0
2;120;0;0
3;120;0;0
4;120;0;0
5;120;0;0
6;120;0;0
7;120;0;0
8;120;0;0
9;120;0;0
10;120;0;1
11;120;0;1
12;120;0;1
13;120;0;1
14;120;0;1
15;120;0;1
16;120;0;1
17;120;0;1
18;120;0;1
19;120;0;1
20;120;0;1
21;120;0;1
22;120;0;1
23;120;0;1
24;120;0;1
25;120;0;1
26;120;0;1
27;120;0;1
28;120;0;1
29;120;0;1
30;120;0;1
31;120;0;1
32;120;0;1
33;120;0;1
34;120;0;1
35;120;0;1
36;120;0;1
37;120;0;1
38;120;0;1
39;120;0;1
40;120;0;1
41;120;0;1
42;120;0;1
43;120;0;1
44;120;0;1
45;120;0;1
46;120;0;1
47;120;0;1
48;120;0;1
49;120;0;1
50;120;0;1
51;120;0;1
52;120;0;1
53;120;0;1
54;120;0;1
55;120;0;1
56;120;0;1
57;120;0;1
58;120;0;1
59;120;0;1
60;120;0;1
61;120;0;1
62;120;0;1
63;120;0;1
64;120;0;1
65;120;0;1
66;120;0;1
67;120;0;1
68;120;0;1
69;120;0;1
70;120;0;1
71;120;0;1
72;120;0;1
73;120;0;1
74;120;0;1
75;120;0;1
76;120;0;1
77;120;0;1
78;120;0;0
79;120;0;1
80;120;0;1
81;120;0;1
82;120;0;1
83;120;0;1
84;120;0;1
85;120;0;1
86;120;0;1
87;120;0;1
88;120;0;1
89;120;0;1
90;120;0;1
91;120;0;1
92;120;0;1
93;120;0;1
94;120;0;1
95;120;0;1
96;120;0;1
97;120;0;1
98;120;0;1
99;120;0;1
100;120;0;1
101;120;0;1
102;120;0;1
103;120;0;1
104;120;0;1
105;120;0;1
106;120;0;1
107;120;0;1
108;120;0;1
109;120;0;1
110;120;0;1
111;120;0;1
112;120;0;1
113;120;0;1
114;120;0;1
115;120;0;1
116;120;0;1
117;120;0;1
118;120;0;1
119;120;0;1
120;120;0;1
121;120;0;1
122;120;0;1
123;120;0;1
124;120;0;1
125;120;0;1
126;120;0;1
127;120;0;1
128;120;0;1
129;120;0;1
130;120;0;1
131;120;0;1
132;120;0;1
133;120;0;1
134;120;0;1
135;120;0;1
136;120;0;1
137;120;0;1
138;120;0;1
139;120;0;1
140;120;0;1
141;120;0;1
142;120;0;1
143;120;0;1
144;120;0;1
145;120;0;1
146;120;0;1
147;120;0;1
148;120;0;1
149;120;0;1
0;121;0;0
1;121;0;0
2;121;0;0
3;121;0;0
4;121;0;0
5;121;0;0
6;121;0;0
7;121;0;1
8;121;0;1
9;121;0;1
10;121;0;1
11;121;0;1
12;121;0;1
13;121;0;1
14;121;0;1
15;121;0;1
16;121;0;1
17;121;0;1
18;121;0;1
19;121;0;1
20;121;0;1
21;121;0;1
22;121;0;1
23;121;0;1
24;121;0;1
25;121;0;1
26;121;0;1
27;121;0;1
28;121;0;1
29;121;0;1
30;121;0;1
31;121;0;1
32;121;0;1
33;121;0;1
34;121;0;1
35;121;0;1
36;121;0;1
37;121;0;1
38;121;0;1
39;121;0;1
40;121;0;1
41;121;0;1
42;121;0;1
43;121;0;1
44;121;0;1
45;121;0;1
46;121;0;1
47;121;0;1
48;121;0;1
49;121;0;1
50;121;0;1
51;121;0;1
52;121;0;1
53;121;0;1
54;121;0;1
55;121;0;1
56;121;0;1
57;121;0;1
58;121;0;1
59;121;0;1
60;121;0;1
61;121;0;1
62;121;0;1
63;121;0;0
64;121;0;0
65;121;0;0
66;121;0;0
67;121;0;0
68;121;0;1
69;121;0;1
70;121;0;1
71;121;0;1
72;121;0;1
73;121;0;1
74;121;0;1
75;121;0;1
76;121;0;1
77;121;0;1
78;121;0;1
79;121;0;1
80;121;0;1
81;121;0;1
82;121;0;1
83;121;0;1
84;121;0;1
85;121;0;1
86;121;0;1
87;121;0;1
88;121;0;1
89;121;0;1
90;121;0;1
91;121;0;1
92;121;0;1
93;121;0;1
94;121;0;1
95;121;0;1
96;121;0;1
97;121;0;1
98;121;0;1
99;121;0;1
100;121;0;1
101;121;0;1
102;121;0;1
103;121;0;1
104;121;0;1
105;121;0;1
106;121;0;1
107;121;0;1
108;121;0;1
109;121;0;1
110;121;0;1
111;121;0;1
112;121;0;1
113;121;0;1
114;121;0;1
115;121;0;1
116;121;0;1
117;121;0;1
118;121;0;1
119;121;0;1
120;121;0;1
121;121;0;1
122;121;0;1
123;121;0;1
124;121;0;1
125;121;0;1
126;121;0;1
127;121;0;1
128;121;0;1
129;121;0;1
130;121;0;1
131;121;0;1
132;121;0;1
133;121;0;1
134;121;0;1
135;121;0;1
136;121;0;1
137;121;0;1
138;121;0;1
139;121;0;1
140;121;0;1
141;121;0;1
142;121;0;1
143;121;0;1
144;121;0;1
145;121;0;1
146;121;0;1
147;121;0;1
148;121;0;1
149;121;0;1
0;122;0;0
1;122;0;0
2;122;0;0
3;122;0;0
4;122;0;0
5;122;0;0
6;122;0;0
7;122;0;1
8;122;0;1
9;122;0;1
10;122;0;1
11;122;0;1
12;122;0;1
13;122;0;1
14;122;0;1
15;122;0;1
16;122;0;1
17;122;0;1
18;122;0;1
19;122;0;1
20;122;0;1
21;122;0;1
22;122;0;1
23;122;0;1
24;122;0;1
25;122;0;1
26;122;0;1
27;122;0;1
28;122;0;1
29;122;0;1
30;122;0;1
31;122;0;1
32;122;0;1
33;122;0;1
34;122;0;1
35;122;0;1
36;122;0;1
37;122;0;1
38;122;0;1
39;122;0;1
40;122;0;1
41;122;0;0
42;122;0;1
43;122;0;1
44;122;0;1
45;122;0;1
46;122;0;1
47;122;0;1
48;122;0;1
49;122;0;1
50;122;0;1
51;122;0;1
52;122;0;1
53;122;0;1
54;122;0;1
55;122;0;1
56;122;0;1
57;122;0;1
58;122;0;1
59;122;0;1
60;122;0;1
61;122;0;0
62;122;0;0
63;122;0;0
64;122;0;0
65;122;0;0
66;122;0;0
67;122;0;0
68;122;0;0
69;122;0;1
70;122;0;1
71;122;0;1
72;122;0;1
73;122;0;1
74;122;0;1
75;122;0;1
76;122;0;1
77;122;0;1
78;122;0;1
79;122;0;1
80;122;0;1
81;122;0;1
82;122;0;1
83;122;0;1
84;122;0;1
85;122;0;1
86;122;0;1
87;122;0;1
88;122;0;1
89;122;0;1
90;122;0;1
91;122;0;1
92;122;0;1
93;122;0;1
94;122;0;1
95;122;0;1
96;122;0;1
97;122;0;1
98;122;0;1
99;122;0;1
100;122;0;1
101;122;0;1
102;122;0;1
103;122;0;1
104;122;0;1
105;122;0;1
106;122;0;1
107;122;0;1
108;122;0;1
109;122;0;1
110;122;0;1
111;122;0;1
112;122;0;1
113;122;0;1
114;122;0;1
115;122;0;1
116;122;0;1
117;122;0;1
118;122;0;1
119;122;0;1
120;122;0;1
121;122;0;1
122;122;0;1
123;122;0;1
124;122;0;1
125;122;0;1
126;122;0;1
127;122;0;1
128;122;0;1
129;122;0;1
130;122;0;1
131;122;0;1
132;122;0;1
133;122;0;1
134;122;0;1
135;122;0;1
136;122;0;1
137;122;0;1
138;122;0;1
139;122;0;1
140;122;0;1
141;122;0;1
142;122;0;1
143;122;0;1
144;122;0;1
145;122;0;1
146;122;0;1
147;122;0;1
148;122;0;1
149;122;0;1
0;123;0;0
1;123;0;0
2;123;0;0
3;123;0;0
4;123;0;0
5;123;0;0
6;123;0;1
7;123;0;1
8;123;0;1
9;123;0;1
10;123;0;1
11;123;0;1
12;123;0;1
13;123;0;1
14;123;0;1
15;123;0;1
16;123;0;1
17;123;0;1
18;123;0;1
19;123;0;1
20;123;0;1
21;123;0;1
22;123;0;1
23;123;0;1
24;123;0;1
25;123;0;1
26;123;0;1
27;123;0;1
28;123;0;1
29;123;0;1
30;123;0;1
31;123;0;1
32;123;0;1
33;123;0;1
34;123;0;1
35;123;0;1
36;123;0;1
37;123;0;1
38;123;0;1
39;123;0;1
40;123;0;0
41;123;0;1
42;123;0;1
43;123;0;1
44;123;0;1
45;123;0;1
46;123;0;1
47;123;0;1
48;123;0;1
49;123;0;1
50;123;0;1
51;123;0;1
52;123;0;1
53;123;0;1
54;123;0;1
55;123;0;1
56;123;0;1
57;123;0;1
58;123;0;1
59;123;0;1
60;123;0;0
61;123;0;0
62;123;0;0
63;123;0;0
64;123;0;0
65;123;0;0
66;123;0;0
67;123;0;0
68;123;0;0
69;123;0;1
70;123;0;1
71;123;0;1
72;123;0;1
73;123;0;1
74;123;0;1
75;123;0;1
76;123;0;1
77;123;0;1
78;123;0;1
79;123;0;1
80;123;0;1
81;123;0;1
82;123;0;1
83;123;0;1
84;123;0;1
85;123;0;1
86;123;0;0
87;123;0;1
88;123;0;1
89;123;0;1
90;123;0;1
91;123;0;1
92;123;0;1
93;123;0;1
94;123;0;1
95;123;0;1
96;123;0;1
97;123;0;1
98;123;0;1
99;123;0;0
100;123;0;0
101;123;0;0
102;123;0;0
103;123;0;1
104;123;0;1
105;123;0;1
106;123;0;1
107;123;0;1
108;123;0;1
109;123;0;1
110;123;0;1
111;123;0;1
112;123;0;1
113;123;0;1
114;123;0;1
115;123;0;1
116;123;0;1
117;123;0;1
118;123;0;1
119;123;0;1
120;123;0;1
121;123;0;1
122;123;0;1
123;123;0;1
124;123;0;1
125;123;0;1
126;123;0;1
127;123;0;1
128;123;0;1
129;123;0;1
130;123;0;1
131;123;0;1
132;123;0;1
133;123;0;1
134;123;0;1
135;123;0;1
136;123;0;0
137;123;0;1
138;123;0;1
139;123;0;1
140;123;0;1
141;123;0;1
142;123;0;1
143;123;0;1
144;123;0;1
145;123;0;1
146;123;0;1
147;123;0;1
148;123;0;1
149;123;0;1
0;124;0;0
1;124;0;0
2;124;0;0
3;124;0;0
4;124;0;0
5;124;0;0
6;124;0;1
7;124;0;1
8;124;0;1
9;124;0;1
10;124;0;1
11;124;0;1
12;124;0;1
13;124;0;1
14;124;0;1
15;124;0;1
16;124;0;1
17;124;0;1
18;124;0;1
19;124;0;1
20;124;0;1
21;124;0;1
22;124;0;1
23;124;0;1
24;124;0;1
25;124;0;1
26;124;0;1
27;124;0;1
28;124;0;1
29;124;0;1
30;124;0;1
31;124;0;1
32;124;0;1
33;124;0;1
34;124;0;1
35;124;0;1
36;124;0;1
37;124;0;1
38;124;0;0
39;124;0;0
40;124;0;0
41;124;0;1
42;124;0;1
43;124;0;1
44;124;0;1
45;124;0;1
46;124;0;1
47;124;0;1
48;124;0;1
49;124;0;1
50;124;0;1
51;124;0;1
52;124;0;1
53;124;0;1
54;124;0;1
55;124;0;1
56;124;0;1
57;124;0;1
58;124;0;1
59;124;0;0
60;124;0;0
61;124;0;0
62;124;0;0
63;124;0;0
64;124;0;0
65;124;0;0
66;124;0;0
67;124;0;0
68;124;0;0
69;124;0;0
70;124;0;1
71;124;0;1
72;124;0;1
73;124;0;1
74;124;0;1
75;124;0;1
76;124;0;1
77;124;0;1
78;124;0;1
79;124;0;1
80;124;0;1
81;124;0;1
82;124;0;1
83;124;0;1
84;124;0;1
85;124;0;1
86;124;0;1
87;124;0;1
88;124;0;1
89;124;0;1
90;124;0;1
91;124;0;1
92;124;0;1
93;124;0;1
94;124;0;1
95;124;0;1
96;124;0;0
97;124;0;0
98;124;0;0
99;124;0;0
100;124;0;0
101;124;0;0
102;124;0;0
103;124;0;0
104;124;0;1
105;124;0;1
106;124;0;1
107;124;0;1
108;124;0;1
109;124;0;1
110;124;0;1
111;124;0;1
112;124;0;1
113;124;0;1
114;124;0;1
115;124;0;1
116;124;0;1
117;124;0;1
118;124;0;1
119;124;0;1
120;124;0;1
121;124;0;1
122;124;0;1
123;124;0;1
124;124;0;1
125;124;0;1
126;124;0;1
127;124;0;1
128;124;0;1
129;124;0;1
130;124;0;1
131;124;0;1
132;124;0;1
133;124;0;1
134;124;0;1
135;124;0;1
136;124;0;1
137;124;0;1
138;124;0;1
139;124;0;1
140;124;0;1
141;124;0;1
142;124;0;1
143;124;0;1
144;124;0;1
145;124;0;1
146;124;0;1
147;124;0;1
148;124;0;1
149;124;0;1
0;125;0;0
1;125;0;0
2;125;0;0
3;125;0;0
4;125;0;0
5;125;0;1
6;125;0;1
7;125;0;1
8;125;0;1
9;125;0;1
10;125;0;1
11;125;0;1
12;125;0;1
13;125;0;1
14;125;0;1
15;125;0;1
16;125;0;1
17;125;0;1
18;125;0;1
19;125;0;1
20;125;0;1
21;125;0;1
22;125;0;1
23;125;0;1
24;125;0;1
25;125;0;1
26;125;0;1
27;125;0;1
28;125;0;1
29;125;0;1
30;125;0;1
31;125;0;1
32;125;0;1
33;125;0;1
34;125;0;1
35;125;0;1
36;125;0;1
37;125;0;0
38;125;0;0
39;125;0;0
40;125;0;0
41;125;0;0
42;125;0;0
43;125;0;1
44;125;0;1
45;125;0;1
46;125;0;1
47;125;0;1
48;125;0;1
49;125;0;1
50;125;0;1
51;125;0;1
52;125;0;1
53;125;0;1
54;125;0;1
55;125;0;1
56;125;0;1
57;125;0;0
58;125;0;0
59;125;0;0
60;125;0;0
61;125;0;0
62;125;0;0
63;125;0;0
64;125;0;0
65;125;0;0
66;125;0;0
67;125;0;1
68;125;0;0
69;125;0;0
70;125;0;1
71;125;0;1
72;125;0;1
73;125;0;1
74;125;0;1
75;125;0;1
76;125;0;1
77;125;0;1
78;125;0;1
79;125;0;1
80;125;0;1
81;125;0;1
82;125;0;1
83;125;0;1
84;125;0;1
85;125;0;1
86;125;0;1
87;125;0;1
88;125;0;1
89;125;0;1
90;125;0;1
91;125;0;1
92;125;0;1
93;125;0;1
94;125;0;1
95;125;0;0
96;125;0;0
97;125;0;0
98;125;0;0
99;125;0;0
100;125;0;0
101;125;0;0
102;125;0;0
103;125;0;0
104;125;0;1
105;125;0;1
106;125;0;1
107;125;0;1
108;125;0;1
109;125;0;1
110;125;0;1
111;125;0;1
112;125;0;1
113;125;0;1
114;125;0;1
115;125;0;1
116;125;0;1
117;125;0;1
118;125;0;1
119;125;0;1
120;125;0;1
121;125;0;0
122;125;0;0
123;125;0;0
124;125;0;1
125;125;0;1
126;125;0;1
127;125;0;1
128;125;0;1
129;125;0;1
130;125;0;1
131;125;0;1
132;125;0;1
133;125;0;1
134;125;0;1
135;125;0;1
136;125;0;1
137;125;0;1
138;125;0;1
139;125;0;0
140;125;0;0
141;125;0;0
142;125;0;0
143;125;0;0
144;125;0;0
145;125;0;0
146;125;0;0
147;125;0;0
148;125;0;1
149;125;0;1
0;126;0;0
1;126;0;0
2;126;0;0
3;126;0;0
4;126;0;0
5;126;0;1
6;126;0;1
7;126;0;1
8;126;0;1
9;126;0;1
10;126;0;1
11;126;0;1
12;126;0;1
13;126;0;1
14;126;0;1
15;126;0;1
16;126;0;1
17;126;0;1
18;126;0;1
19;126;0;1
20;126;0;1
21;126;0;1
22;126;0;1
23;126;0;1
24;126;0;1
25;126;0;1
26;126;0;1
27;126;0;1
28;126;0;1
29;126;0;1
30;126;0;1
31;126;0;1
32;126;0;1
33;126;0;1
34;126;0;1
35;126;0;0
36;126;0;0
37;126;0;0
38;126;0;0
39;126;0;0
40;126;0;0
41;126;0;0
42;126;0;0
43;126;0;1
44;126;0;1
45;126;0;1
46;126;0;1
47;126;0;1
48;126;0;1
49;126;0;1
50;126;0;1
51;126;0;1
52;126;0;1
53;126;0;1
54;126;0;1
55;126;0;1
56;126;0;0
57;126;0;0
58;126;0;0
59;126;0;0
60;126;0;0
61;126;0;0
62;126;0;0
63;126;0;0
64;126;0;0
65;126;0;0
66;126;0;0
67;126;0;0
68;126;0;0
69;126;0;0
70;126;0;1
71;126;0;1
72;126;0;1
73;126;0;1
74;126;0;1
75;126;0;1
76;126;0;1
77;126;0;1
78;126;0;1
79;126;0;1
80;126;0;1
81;126;0;1
82;126;0;1
83;126;0;1
84;126;0;1
85;126;0;1
86;126;0;0
87;126;0;1
88;126;0;1
89;126;0;1
90;126;0;1
91;126;0;1
92;126;0;1
93;126;0;1
94;126;0;1
95;126;0;0
96;126;0;0
97;126;0;0
98;126;0;0
99;126;0;0
100;126;0;0
101;126;0;0
102;126;0;0
103;126;0;0
104;126;0;1
105;126;0;1
106;126;0;1
107;126;0;1
108;126;0;1
109;126;0;1
110;126;0;1
111;126;0;1
112;126;0;1
113;126;0;1
114;126;0;1
115;126;0;1
116;126;0;1
117;126;0;1
118;126;0;1
119;126;0;1
120;126;0;0
121;126;0;0
122;126;0;0
123;126;0;0
124;126;0;0
125;126;0;0
126;126;0;1
127;126;0;1
128;126;0;1
129;126;0;1
130;126;0;1
131;126;0;1
132;126;0;1
133;126;0;1
134;126;0;1
135;126;0;0
136;126;0;0
137;126;0;0
138;126;0;0
139;126;0;0
140;126;0;0
141;126;0;0
142;126;0;0
143;126;0;0
144;126;0;0
145;126;0;0
146;126;0;0
147;126;0;0
148;126;0;0
149;126;0;0
0;127;0;0
1;127;0;0
2;127;0;0
3;127;0;0
4;127;0;1
5;127;0;1
6;127;0;1
7;127;0;1
8;127;0;1
9;127;0;1
10;127;0;1
11;127;0;1
12;127;0;1
13;127;0;1
14;127;0;1
15;127;0;1
16;127;0;1
17;127;0;1
18;127;0;1
19;127;0;1
20;127;0;1
21;127;0;1
22;127;0;1
23;127;0;1
24;127;0;1
25;127;0;1
26;127;0;1
27;127;0;1
28;127;0;1
29;127;0;1
30;127;0;1
31;127;0;1
32;127;0;1
33;127;0;0
34;127;0;0
35;127;0;0
36;127;0;0
37;127;0;0
38;127;0;0
39;127;0;0
40;127;0;0
41;127;0;0
42;127;0;0
43;127;0;1
44;127;0;1
45;127;0;1
46;127;0;1
47;127;0;1
48;127;0;1
49;127;0;1
50;127;0;1
51;127;0;1
52;127;0;1
53;127;0;1
54;127;0;1
55;127;0;0
56;127;0;0
57;127;0;0
58;127;0;0
59;127;0;0
60;127;0;0
61;127;0;0
62;127;0;0
63;127;0;0
64;127;0;0
65;127;0;0
66;127;0;0
67;127;0;0
68;127;0;0
69;127;0;0
70;127;0;1
71;127;0;1
72;127;0;1
73;127;0;1
74;127;0;1
75;127;0;1
76;127;0;1
77;127;0;1
78;127;0;1
79;127;0;1
80;127;0;1
81;127;0;1
82;127;0;1
83;127;0;1
84;127;0;1
85;127;0;0
86;127;0;1
87;127;0;1
88;127;0;1
89;127;0;1
90;127;0;1
91;127;0;1
92;127;0;1
93;127;0;1
94;127;0;1
95;127;0;0
96;127;0;0
97;127;0;0
98;127;0;0
99;127;0;0
100;127;0;0
101;127;0;0
102;127;0;0
103;127;0;0
104;127;0;1
105;127;0;1
106;127;0;1
107;127;0;1
108;127;0;1
109;127;0;1
110;127;0;1
111;127;0;1
112;127;0;0
113;127;0;0
114;127;0;0
115;127;0;0
116;127;0;0
117;127;0;0
118;127;0;0
119;127;0;0
120;127;0;0
121;127;0;0
122;127;0;0
123;127;0;0
124;127;0;0
125;127;0;0
126;127;0;0
127;127;0;0
128;127;0;1
129;127;0;0
130;127;0;1
131;127;0;1
132;127;0;0
133;127;0;0
134;127;0;0
135;127;0;0
136;127;0;0
137;127;0;0
138;127;0;0
139;127;0;0
140;127;0;0
141;127;0;0
142;127;0;0
143;127;0;0
144;127;0;0
145;127;0;0
146;127;0;0
147;127;0;0
148;127;0;0
149;127;0;0
0;128;0;0
1;128;0;0
2;128;0;0
3;128;0;0
4;128;0;1
5;128;0;1
6;128;0;1
7;128;0;1
8;128;0;1
9;128;0;1
10;128;0;1
11;128;0;1
12;128;0;1
13;128;0;1
14;128;0;1
15;128;0;1
16;128;0;1
17;128;0;1
18;128;0;1
19;128;0;1
20;128;0;1
21;128;0;1
22;128;0;1
23;128;0;1
24;128;0;1
25;128;0;1
26;128;0;1
27;128;0;1
28;128;0;1
29;128;0;1
30;128;0;1
31;128;0;0
32;128;0;0
33;128;0;0
34;128;0;0
35;128;0;0
36;128;0;0
37;128;0;0
38;128;0;0
39;128;0;0
40;128;0;0
41;128;0;0
42;128;0;0
43;128;0;0
44;128;0;1
45;128;0;1
46;128;0;1
47;128;0;1
48;128;0;1
49;128;0;1
50;128;0;1
51;128;0;1
52;128;0;1
53;128;0;1
54;128;0;1
55;128;0;0
56;128;0;0
57;128;0;0
58;128;0;0
59;128;0;0
60;128;0;0
61;128;0;0
62;128;0;0
63;128;0;0
64;128;0;0
65;128;0;0
66;128;0;0
67;128;0;0
68;128;0;0
69;128;0;0
70;128;0;0
71;128;0;1
72;128;0;1
73;128;0;1
74;128;0;1
75;128;0;1
76;128;0;1
77;128;0;1
78;128;0;1
79;128;0;1
80;128;0;1
81;128;0;1
82;128;0;1
83;128;0;1
84;128;0;1
85;128;0;1
86;128;0;1
87;128;0;1
88;128;0;1
89;128;0;1
90;128;0;1
91;128;0;1
92;128;0;1
93;128;0;1
94;128;0;1
95;128;0;1
96;128;0;0
97;128;0;0
98;128;0;0
99;128;0;0
100;128;0;0
101;128;0;1
102;128;0;1
103;128;0;1
104;128;0;1
105;128;0;1
106;128;0;1
107;128;0;1
108;128;0;0
109;128;0;1
110;128;0;0
111;128;0;0
112;128;0;1
113;128;0;0
114;128;0;0
115;128;0;0
116;128;0;0
117;128;0;0
118;128;0;0
119;128;0;0
120;128;0;0
121;128;0;0
122;128;0;0
123;128;0;0
124;128;0;0
125;128;0;0
126;128;0;0
127;128;0;0
128;128;0;0
129;128;0;0
130;128;0;0
131;128;0;0
132;128;0;0
133;128;0;0
134;128;0;0
135;128;0;0
136;128;0;0
137;128;0;0
138;128;0;0
139;128;0;0
140;128;0;0
141;128;0;0
142;128;0;0
143;128;0;0
144;128;0;0
145;128;0;0
146;128;0;0
147;128;0;0
148;128;0;0
149;128;0;0
0;129;0;0
1;129;0;0
2;129;0;0
3;129;0;1
4;129;0;1
5;129;0;1
6;129;0;1
7;129;0;1
8;129;0;1
9;129;0;1
10;129;0;1
11;129;0;1
12;129;0;1
13;129;0;1
14;129;0;1
15;129;0;1
16;129;0;1
17;129;0;1
18;129;0;1
19;129;0;1
20;129;0;1
21;129;0;1
22;129;0;1
23;129;0;1
24;129;0;1
25;129;0;1
26;129;0;1
27;129;0;1
28;129;0;1
29;129;0;1
30;129;0;0
31;129;0;0
32;129;0;0
33;129;0;0
34;129;0;0
35;129;0;0
36;129;0;0
37;129;0;0
38;129;0;0
39;129;0;0
40;129;0;0
41;129;0;0
42;129;0;0
43;129;0;0
44;129;0;0
45;129;0;1
46;129;0;1
47;129;0;1
48;129;0;1
49;129;0;1
50;129;0;1
51;129;0;1
52;129;0;1
53;129;0;1
54;129;0;1
55;129;0;1
56;129;0;0
57;129;0;0
58;129;0;0
59;129;0;0
60;129;0;0
61;129;0;0
62;129;0;0
63;129;0;0
64;129;0;0
65;129;0;0
66;129;0;0
67;129;0;0
68;129;0;0
69;129;0;0
70;129;0;0
71;129;0;1
72;129;0;1
73;129;0;1
74;129;0;1
75;129;0;1
76;129;0;1
77;129;0;1
78;129;0;1
79;129;0;1
80;129;0;1
81;129;0;1
82;129;0;1
83;129;0;1
84;129;0;1
85;129;0;1
86;129;0;1
87;129;0;1
88;129;0;1
89;129;0;1
90;129;0;1
91;129;0;1
92;129;0;1
93;129;0;1
94;129;0;1
95;129;0;1
96;129;0;1
97;129;0;1
98;129;0;1
99;129;0;1
100;129;0;1
101;129;0;1
102;129;0;1
103;129;0;1
104;129;0;1
105;129;0;1
106;129;0;1
107;129;0;0
108;129;0;0
109;129;0;1
110;129;0;0
111;129;0;0
112;129;0;0
113;129;0;0
114;129;0;0
115;129;0;0
116;129;0;0
117;129;0;0
118;129;0;0
119;129;0;0
120;129;0;0
121;129;0;0
122;129;0;0
123;129;0;0
124;129;0;0
125;129;0;0
126;129;0;0
127;129;0;0
128;129;0;0
129;129;0;0
130;129;0;0
131;129;0;0
132;129;0;0
133;129;0;0
134;129;0;0
135;129;0;0
136;129;0;0
137;129;0;0
138;129;0;0
139;129;0;0
140;129;0;0
141;129;0;0
142;129;0;0
143;129;0;0
144;129;0;0
145;129;0;0
146;129;0;0
147;129;0;0
148;129;0;0
149;129;0;0
0;130;0;0
1;130;0;0
2;130;0;0
3;130;0;1
4;130;0;1
5;130;0;1
6;130;0;1
7;130;0;1
8;130;0;1
9;130;0;1
10;130;0;1
11;130;0;1
12;130;0;1
13;130;0;1
14;130;0;1
15;130;0;1
16;130;0;1
17;130;0;1
18;130;0;1
19;130;0;1
20;130;0;1
21;130;0;1
22;130;0;1
23;130;0;1
24;130;0;1
25;130;0;1
26;130;0;1
27;130;0;1
28;130;0;1
29;130;0;0
30;130;0;0
31;130;0;0
32;130;0;0
33;130;0;0
34;130;0;0
35;130;0;0
36;130;0;0
37;130;0;0
38;130;0;0
39;130;0;0
40;130;0;0
41;130;0;0
42;130;0;0
43;130;0;0
44;130;0;0
45;130;0;0
46;130;0;1
47;130;0;1
48;130;0;1
49;130;0;1
50;130;0;1
51;130;0;1
52;130;0;1
53;130;0;1
54;130;0;1
55;130;0;1
56;130;0;1
57;130;0;0
58;130;0;0
59;130;0;0
60;130;0;0
61;130;0;0
62;130;0;0
63;130;0;0
64;130;0;0
65;130;0;0
66;130;0;0
67;130;0;0
68;130;0;0
69;130;0;0
70;130;0;0
71;130;0;1
72;130;0;1
73;130;0;1
74;130;0;0
75;130;0;1
76;130;0;1
77;130;0;1
78;130;0;1
79;130;0;1
80;130;0;1
81;130;0;1
82;130;0;1
83;130;0;1
84;130;0;1
85;130;0;1
86;130;0;1
87;130;0;1
88;130;0;1
89;130;0;1
90;130;0;1
91;130;0;1
92;130;0;1
93;130;0;1
94;130;0;1
95;130;0;1
96;130;0;1
97;130;0;1
98;130;0;1
99;130;0;1
100;130;0;1
101;130;0;1
102;130;0;1
103;130;0;1
104;130;0;1
105;130;0;1
106;130;0;1
107;130;0;1
108;130;0;1
109;130;0;0
110;130;0;0
111;130;0;0
112;130;0;0
113;130;0;0
114;130;0;0
115;130;0;0
116;130;0;0
117;130;0;0
118;130;0;0
119;130;0;0
120;130;0;0
121;130;0;0
122;130;0;0
123;130;0;0
124;130;0;0
125;130;0;0
126;130;0;0
127;130;0;0
128;130;0;0
129;130;0;0
130;130;0;0
131;130;0;0
132;130;0;0
133;130;0;0
134;130;0;0
135;130;0;0
136;130;0;0
137;130;0;0
138;130;0;0
139;130;0;0
140;130;0;0
141;130;0;0
142;130;0;0
143;130;0;0
144;130;0;0
145;130;0;0
146;130;0;0
147;130;0;0
148;130;0;0
149;130;0;0
0;131;0;0
1;131;0;0
2;131;0;1
3;131;0;1
4;131;0;1
5;131;0;1
6;131;0;1
7;131;0;1
8;131;0;1
9;131;0;1
10;131;0;1
11;131;0;1
12;131;0;1
13;131;0;1
14;131;0;1
15;131;0;1
16;131;0;1
17;131;0;1
18;131;0;1
19;131;0;1
20;131;0;1
21;131;0;1
22;131;0;1
23;131;0;1
24;131;0;1
25;131;0;1
26;131;0;1
27;131;0;1
28;131;0;0
29;131;0;0
30;131;0;0
31;131;0;0
32;131;0;0
33;131;0;0
34;131;0;0
35;131;0;0
36;131;0;0
37;131;0;0
38;131;0;0
39;131;0;0
40;131;0;0
41;131;0;0
42;131;0;0
43;131;0;0
44;131;0;0
45;131;0;0
46;131;0;0
47;131;0;1
48;131;0;1
0;132;0;0
1;132;0;0
2;132;0;1
3;132;0;1
4;132;0;1
5;132;0;1
6;132;0;1
7;132;0;1
8;132;0;1
9;132;0;1
10;132;0;1
11;132;0;1
12;132;0;1
13;132;0;1
14;132;0;1
15;132;0;1
16;132;0;1
17;132;0;1
18;132;0;1
19;132;0;1
20;132;0;1
21;132;0;1
22;132;0;1
23;132;0;1
24;132;0;1
25;132;0;1
26;132;0;1
27;132;0;0
28;132;0;0
29;132;0;0
30;132;0;0
31;132;0;0
32;132;0;0
33;132;0;0
34;132;0;0
35;132;0;0
36;132;0;0
37;132;0;0
38;132;0;0
39;132;0;0
40;132;0;0
41;132;0;0
42;132;0;0
43;132;0;0
44;132;0;0
45;132;0;0
46;132;0;0
47;132;0;1
48;132;0;1
49;132;0;1
50;132;0;1
51;132;0;1
52;132;0;1
53;132;0;1
54;132;0;1
55;132;0;1
56;132;0;1
57;132;0;1
58;132;0;1
59;132;0;0
60;132;0;0
61;132;0;1
62;132;0;0
63;132;0;0
64;132;0;0
65;132;0;0
66;132;0;1
67;132;0;1
68;132;0;1
69;132;0;1
70;132;0;1
71;132;0;1
72;132;0;0
73;132;0;0
74;132;0;1
75;132;0;1
76;132;0;1
77;132;0;1
78;132;0;1
79;132;0;1
80;132;0;1
81;132;0;1
82;132;0;1
83;132;0;1
84;132;0;1
85;132;0;1
86;132;0;1
87;132;0;1
88;132;0;1
89;132;0;1
90;132;0;1
91;132;0;1
92;132;0;1
93;132;0;1
94;132;0;1
95;132;0;1
96;132;0;1
97;132;0;1
98;132;0;1
99;132;0;1
100;132;0;1
101;132;0;1
102;132;0;1
103;132;0;1
104;132;0;1
105;132;0;1
106;132;0;1
107;132;0;1
108;132;0;1
109;132;0;0
110;132;0;0
111;132;0;0
112;132;0;0
113;132;0;0
114;132;0;0
115;132;0;0
116;132;0;0
117;132;0;0
118;132;0;0
119;132;0;0
120;132;0;0
121;132;0;0
122;132;0;0
123;132;0;0
124;132;0;0
125;132;0;0
126;132;0;0
127;132;0;0
128;132;0;0
129;132;0;0
130;132;0;0
131;132;0;0
132;132;0;0
133;132;0;0
134;132;0;0
135;132;0;0
136;132;0;0
137;132;0;0
138;132;0;0
139;132;0;0
140;132;0;0
141;132;0;0
142;132;0;0
143;132;0;0
144;132;0;0
145;132;0;0
146;132;0;0
147;132;0;1
148;132;0;0
149;132;0;0
0;133;0;0
1;133;0;0
2;133;0;1
3;133;0;1
4;133;0;1
5;133;0;1
6;133;0;1
7;133;0;1
8;133;0;1
9;133;0;1
10;133;0;1
11;133;0;1
12;133;0;1
13;133;0;1
14;133;0;1
15;133;0;1
16;133;0;1
17;133;0;1
18;133;0;1
19;133;0;1
20;133;0;1
21;133;0;1
22;133;0;1
23;133;0;1
24;133;0;0
25;133;0;0
26;133;0;0
27;133;0;0
28;133;0;0
29;133;0;0
30;133;0;0
31;133;0;0
32;133;0;0
33;133;0;0
34;133;0;0
35;133;0;0
36;133;0;0
37;133;0;0
38;133;0;0
39;133;0;0
40;133;0;0
41;133;0;0
42;133;0;0
43;133;0;0
44;133;0;0
45;133;0;0
46;133;0;0
47;133;0;1
48;133;0;1
49;133;0;1
50;133;0;1
51;133;0;1
52;133;0;1
53;133;0;1
54;133;0;1
55;133;0;1
56;133;0;1
57;133;0;1
58;133;0;1
59;133;0;1
60;133;0;0
61;133;0;0
62;133;0;0
63;133;0;0
64;133;0;0
65;133;0;1
66;133;0;1
67;133;0;1
68;133;0;1
69;133;0;1
70;133;0;1
71;133;0;1
72;133;0;1
73;133;0;1
74;133;0;1
75;133;0;1
76;133;0;1
77;133;0;1
78;133;0;1
79;133;0;1
80;133;0;1
81;133;0;1
82;133;0;1
83;133;0;1
84;133;0;1
85;133;0;1
86;133;0;1
87;133;0;1
88;133;0;1
89;133;0;1
90;133;0;1
91;133;0;1
92;133;0;1
93;133;0;1
94;133;0;1
95;133;0;1
96;133;0;1
97;133;0;1
98;133;0;1
99;133;0;1
100;133;0;1
101;133;0;1
102;133;0;1
103;133;0;1
104;133;0;1
105;133;0;1
106;133;0;1
107;133;0;1
108;133;0;1
109;133;0;0
110;133;0;0
111;133;0;0
112;133;0;0
113;133;0;0
114;133;0;0
115;133;0;0
116;133;0;0
117;133;0;0
118;133;0;0
119;133;0;0
120;133;0;0
121;133;0;0
122;133;0;0
123;133;0;0
124;133;0;0
125;133;0;0
126;133;0;0
127;133;0;0
128;133;0;0
129;133;0;0
130;133;0;0
131;133;0;0
132;133;0;0
133;133;0;0
134;133;0;0
135;133;0;0
136;133;0;0
137;133;0;0
138;133;0;0
139;133;0;0
140;133;0;0
141;133;0;0
142;133;0;0
143;133;0;0
144;133;0;0
145;133;0;0
146;133;0;0
147;133;0;0
148;133;0;0
149;133;0;0
0;134;0;0
1;134;0;0
2;134;0;1
3;134;0;1
4;134;0;1
5;134;0;1
6;134;0;1
7;134;0;1
8;134;0;1
9;134;0;1
10;134;0;1
11;134;0;1
12;134;0;1
13;134;0;1
14;134;0;1
15;134;0;1
16;134;0;1
17;134;0;1
18;134;0;1
19;134;0;1
20;134;0;1
21;134;0;1
22;134;0;1
23;134;0;0
24;134;0;0
25;134;0;0
26;134;0;0
27;134;0;0
28;134;0;0
29;134;0;0
30;134;0;0
31;134;0;0
32;134;0;0
33;134;0;0
34;134;0;0
35;134;0;0
36;134;0;0
37;134;0;0
38;134;0;0
39;134;0;0
40;134;0;0
41;134;0;0
42;134;0;0
43;134;0;0
44;134;0;0
45;134;0;0
46;134;0;0
47;134;0;1
48;134;0;1
49;134;0;1
50;134;0;1
51;134;0;1
52;134;0;1
53;134;0;1
54;134;0;1
55;134;0;1
56;134;0;1
57;134;0;1
58;134;0;1
59;134;0;1
60;134;0;0
61;134;0;0
62;134;0;0
63;134;0;0
64;134;0;1
65;134;0;1
66;134;0;1
67;134;0;1
68;134;0;1
69;134;0;1
70;134;0;1
71;134;0;1
72;134;0;1
73;134;0;1
74;134;0;1
75;134;0;1
76;134;0;1
77;134;0;1
78;134;0;1
79;134;0;1
80;134;0;1
81;134;0;1
82;134;0;1
83;134;0;1
84;134;0;1
85;134;0;1
86;134;0;1
87;134;0;1
88;134;0;1
89;134;0;1
90;134;0;1
91;134;0;1
92;134;0;1
93;134;0;1
94;134;0;1
95;134;0;1
96;134;0;1
97;134;0;1
98;134;0;1
99;134;0;1
100;134;0;1
101;134;0;1
102;134;0;1
103;134;0;1
104;134;0;1
105;134;0;1
106;134;0;1
107;134;0;1
108;134;0;1
109;134;0;0
110;134;0;0
111;134;0;0
112;134;0;0
113;134;0;0
114;134;0;0
115;134;0;0
116;134;0;0
117;134;0;0
118;134;0;0
119;134;0;0
120;134;0;0
121;134;0;0
122;134;0;0
123;134;0;0
124;134;0;0
125;134;0;0
126;134;0;0
127;134;0;0
128;134;0;0
129;134;0;0
130;134;0;0
131;134;0;0
132;134;0;0
133;134;0;0
134;134;0;0
135;134;0;0
136;134;0;0
137;134;0;0
138;134;0;0
139;134;0;0
140;134;0;0
141;134;0;0
142;134;0;0
143;134;0;0
144;134;0;0
145;134;0;0
146;134;0;0
147;134;0;0
148;134;0;0
149;134;0;0
0;135;0;0
1;135;0;1
2;135;0;1
3;135;0;1
4;135;0;1
5;135;0;1
6;135;0;1
7;135;0;1
8;135;0;1
9;135;0;1
10;135;0;1
11;135;0;1
12;135;0;1
13;135;0;1
14;135;0;1
15;135;0;1
16;135;0;1
17;135;0;1
18;135;0;1
19;135;0;1
20;135;0;1
21;135;0;1
22;135;0;0
23;135;0;0
24;135;0;0
25;135;0;0
26;135;0;0
27;135;0;0
28;135;0;0
29;135;0;0
30;135;0;0
31;135;0;0
32;135;0;0
33;135;0;0
34;135;0;0
35;135;0;0
36;135;0;0
37;135;0;0
38;135;0;0
39;135;0;0
40;135;0;0
41;135;0;0
42;135;0;0
43;135;0;0
44;135;0;0
45;135;0;0
46;135;0;0
47;135;0;1
48;135;0;1
49;135;0;1
50;135;0;1
51;135;0;1
52;135;0;1
53;135;0;1
54;135;0;1
55;135;0;1
56;135;0;1
57;135;0;1
58;135;0;1
59;135;0;1
60;135;0;1
61;135;0;1
62;135;0;1
63;135;0;1
64;135;0;1
65;135;0;1
66;135;0;1
67;135;0;1
68;135;0;1
69;135;0;1
70;135;0;1
71;135;0;1
72;135;0;1
73;135;0;1
74;135;0;1
75;135;0;1
76;135;0;1
77;135;0;1
78;135;0;1
79;135;0;1
80;135;0;1
81;135;0;1
82;135;0;1
83;135;0;1
84;135;0;1
85;135;0;1
86;135;0;1
87;135;0;1
88;135;0;1
89;135;0;1
90;135;0;1
91;135;0;1
92;135;0;1
93;135;0;1
94;135;0;1
95;135;0;1
96;135;0;1
97;135;0;1
98;135;0;1
99;135;0;1
100;135;0;1
101;135;0;1
102;135;0;1
103;135;0;1
104;135;0;1
105;135;0;1
106;135;0;1
107;135;0;1
108;135;0;1
109;135;0;0
110;135;0;0
111;135;0;0
112;135;0;0
113;135;0;0
114;135;0;0
115;135;0;0
116;135;0;0
117;135;0;0
118;135;0;0
119;135;0;0
120;135;0;0
121;135;0;0
122;135;0;0
123;135;0;0
124;135;0;0
125;135;0;0
126;135;0;0
127;135;0;0
128;135;0;0
129;135;0;0
130;135;0;0
131;135;0;0
132;135;0;0
133;135;0;0
134;135;0;0
135;135;0;0
136;135;0;0
137;135;0;0
138;135;0;0
139;135;0;0
140;135;0;0
141;135;0;0
142;135;0;0
143;135;0;0
144;135;0;0
145;135;0;0
146;135;0;0
147;135;0;0
148;135;0;0
149;135;0;0
0;136;0;1
1;136;0;1
2;136;0;1
3;136;0;1
4;136;0;1
5;136;0;1
6;136;0;1
7;136;0;1
8;136;0;1
9;136;0;1
10;136;0;1
11;136;0;1
12;136;0;1
13;136;0;1
14;136;0;1
15;136;0;1
16;136;0;1
17;136;0;1
18;136;0;1
19;136;0;1
20;136;0;0
21;136;0;0
22;136;0;0
23;136;0;0
24;136;0;0
25;136;0;0
26;136;0;0
27;136;0;0
28;136;0;0
29;136;0;0
30;136;0;0
31;136;0;0
32;136;0;0
33;136;0;0
34;136;0;0
35;136;0;0
36;136;0;0
37;136;0;0
38;136;0;0
39;136;0;0
40;136;0;0
41;136;0;0
42;136;0;0
43;136;0;0
44;136;0;0
45;136;0;0
46;136;0;0
47;136;0;1
48;136;0;1
49;136;0;1
50;136;0;1
51;136;0;1
52;136;0;1
53;136;0;1
54;136;0;1
55;136;0;1
56;136;0;1
57;136;0;1
58;136;0;1
59;136;0;1
60;136;0;1
61;136;0;1
62;136;0;1
63;136;0;1
64;136;0;1
65;136;0;1
66;136;0;1
67;136;0;1
68;136;0;1
69;136;0;1
70;136;0;1
71;136;0;1
72;136;0;1
73;136;0;1
74;136;0;1
75;136;0;1
76;136;0;1
77;136;0;1
78;136;0;1
79;136;0;1
80;136;0;1
81;136;0;1
82;136;0;1
83;136;0;1
84;136;0;1
85;136;0;1
86;136;0;1
87;136;0;1
88;136;0;1
89;136;0;1
90;136;0;1
91;136;0;1
92;136;0;1
93;136;0;1
94;136;0;1
95;136;0;1
96;136;0;1
97;136;0;1
98;136;0;1
99;136;0;1
100;136;0;1
101;136;0;1
102;136;0;1
103;136;0;1
104;136;0;1
105;136;0;1
106;136;0;1
107;136;0;1
108;136;0;1
109;136;0;1
110;136;0;0
111;136;0;0
112;136;0;0
113;136;0;0
114;136;0;0
115;136;0;0
116;136;0;0
117;136;0;0
118;136;0;0
119;136;0;0
120;136;0;0
121;136;0;0
122;136;0;0
123;136;0;0
124;136;0;0
125;136;0;0
126;136;0;0
127;136;0;0
128;136;0;0
129;136;0;0
130;136;0;0
131;136;0;0
132;136;0;0
133;136;0;0
134;136;0;0
135;136;0;0
136;136;0;0
137;136;0;0
138;136;0;0
139;136;0;0
140;136;0;0
141;136;0;0
142;136;0;0
143;136;0;0
144;136;0;0
145;136;0;0
146;136;0;0
147;136;0;0
148;136;0;0
149;136;0;0
0;137;0;1
1;137;0;1
2;137;0;1
3;137;0;1
4;137;0;1
5;137;0;1
6;137;0;1
7;137;0;1
8;137;0;1
9;137;0;1
10;137;0;1
11;137;0;1
12;137;0;1
13;137;0;1
14;137;0;1
15;137;0;1
16;137;0;0
17;137;0;0
18;137;0;0
19;137;0;0
20;137;0;0
21;137;0;0
22;137;0;0
23;137;0;0
24;137;0;0
25;137;0;0
26;137;0;0
27;137;0;0
28;137;0;0
29;137;0;0
30;137;0;0
31;137;0;0
32;137;0;0
33;137;0;0
34;137;0;0
35;137;0;0
36;137;0;0
37;137;0;0
38;137;0;0
39;137;0;0
40;137;0;0
41;137;0;0
42;137;0;0
43;137;0;0
44;137;0;0
45;137;0;0
46;137;0;0
47;137;0;0
48;137;0;1
49;137;0;1
50;137;0;1
51;137;0;1
52;137;0;1
53;137;0;1
54;137;0;1
55;137;0;1
56;137;0;1
57;137;0;1
58;137;0;1
59;137;0;1
60;137;0;1
61;137;0;1
62;137;0;1
63;137;0;1
64;137;0;1
65;137;0;1
66;137;0;1
67;137;0;1
68;137;0;1
69;137;0;1
70;137;0;1
71;137;0;1
72;137;0;1
73;137;0;1
74;137;0;1
75;137;0;1
76;137;0;1
77;137;0;1
78;137;0;1
79;137;0;1
80;137;0;1
81;137;0;1
82;137;0;1
83;137;0;1
84;137;0;1
85;137;0;1
86;137;0;1
87;137;0;1
88;137;0;1
89;137;0;1
90;137;0;1
91;137;0;1
92;137;0;1
93;137;0;1
94;137;0;1
95;137;0;1
96;137;0;1
97;137;0;1
98;137;0;1
99;137;0;1
100;137;0;1
101;137;0;1
102;137;0;1
103;137;0;1
104;137;0;1
105;137;0;1
106;137;0;1
107;137;0;1
108;137;0;1
109;137;0;1
110;137;0;1
111;137;0;0
112;137;0;0
113;137;0;0
114;137;0;0
115;137;0;0
116;137;0;0
117;137;0;0
118;137;0;0
119;137;0;0
120;137;0;0
121;137;0;0
122;137;0;0
123;137;0;0
124;137;0;0
125;137;0;0
126;137;0;0
127;137;0;0
128;137;0;0
129;137;0;0
130;137;0;0
131;137;0;0
132;137;0;0
133;137;0;0
134;137;0;0
135;137;0;0
136;137;0;0
137;137;0;0
138;137;0;0
139;137;0;0
140;137;0;0
141;137;0;0
142;137;0;0
143;137;0;0
144;137;0;0
145;137;0;0
146;137;0;0
147;137;0;0
148;137;0;0
149;137;0;0
0;138;0;1
1;138;0;1
2;138;0;1
3;138;0;1
4;138;0;1
5;138;0;1
6;138;0;1
7;138;0;1
8;138;0;1
9;138;0;1
10;138;0;1
11;138;0;1
12;138;0;1
13;138;0;1
14;138;0;0
15;138;0;0
16;138;0;0
17;138;0;0
18;138;0;0
19;138;0;0
20;138;0;0
21;138;0;0
22;138;0;0
23;138;0;0
24;138;0;0
25;138;0;0
26;138;0;0
27;138;0;0
28;138;0;0
29;138;0;0
30;138;0;0
31;138;0;0
32;138;0;0
33;138;0;0
34;138;0;0
35;138;0;0
36;138;0;0
37;138;0;0
38;138;0;0
39;138;0;0
40;138;0;0
41;138;0;0
42;138;0;0
43;138;0;0
44;138;0;0
45;138;0;0
119;139;0;0
120;139;0;0
121;139;0;0
122;139;0;0
123;139;0;0
124;139;0;0
125;139;0;0
126;139;0;0
127;139;0;0
128;139;0;0
129;139;0;0
130;139;0;0
131;139;0;0
132;139;0;0
133;139;0;0
134;139;0;0
135;139;0;0
136;139;0;0
137;139;0;0
138;139;0;0
139;139;0;0
140;139;0;0
141;139;0;0
142;139;0;0
143;139;0;0
144;139;0;0
145;139;0;0
146;139;0;0
147;139;0;0
148;139;0;0
149;139;0;0
0;140;0;1
1;140;0;1
2;140;0;1
3;140;0;1
4;140;0;1
5;140;0;1
6;140;0;1
7;140;0;1
8;140;0;1
9;140;0;1
10;140;0;1
11;140;0;0
12;140;0;0
13;140;0;0
14;140;0;0
15;140;0;0
16;140;0;0
17;140;0;0
18;140;0;0
19;140;0;0
20;140;0;1
21;140;0;0
22;140;0;0
23;140;0;0
24;140;0;0
25;140;0;0
26;140;0;0
27;140;0;0
28;140;0;0
29;140;0;0
30;140;0;0
31;140;0;0
32;140;0;0
33;140;0;0
34;140;0;0
35;140;0;0
36;140;0;0
37;140;0;0
38;140;0;0
39;140;0;0
40;140;0;0
41;140;0;0
42;140;0;0
43;140;0;0
44;140;0;0
45;140;0;0
46;140;0;0
47;140;0;1
48;140;0;1
49;140;0;1
50;140;0;1
51;140;0;1
52;140;0;1
53;140;0;1
54;140;0;1
55;140;0;1
56;140;0;1
57;140;0;1
58;140;0;1
59;140;0;1
60;140;0;1
61;140;0;1
62;140;0;1
63;140;0;1
64;140;0;1
65;140;0;0
66;140;0;1
67;140;0;0
68;140;0;1
69;140;0;1
70;140;0;1
71;140;0;1
72;140;0;1
73;140;0;1
74;140;0;1
75;140;0;1
76;140;0;1
77;140;0;1
78;140;0;1
79;140;0;1
80;140;0;1
81;140;0;1
82;140;0;1
83;140;0;1
84;140;0;1
85;140;0;1
86;140;0;1
87;140;0;1
88;140;0;1
89;140;0;1
90;140;0;1
91;140;0;0
92;140;0;0
93;140;0;0
94;140;0;0
95;140;0;0
96;140;0;0
97;140;0;1
98;140;0;1
99;140;0;1
100;140;0;1
101;140;0;1
102;140;0;1
103;140;0;1
104;140;0;1
105;140;0;1
106;140;0;1
107;140;0;1
108;140;0;1
109;140;0;1
110;140;0;1
111;140;0;1
112;140;0;1
113;140;0;1
114;140;0;1
115;140;0;1
116;140;0;0
117;140;0;0
118;140;0;0
119;140;0;0
120;140;0;0
121;140;0;0
122;140;0;0
123;140;0;0
124;140;0;0
125;140;0;0
126;140;0;0
127;140;0;0
128;140;0;0
129;140;0;0
130;140;0;0
131;140;0;0
132;140;0;0
133;140;0;0
134;140;0;0
135;140;0;0
136;140;0;0
137;140;0;0
138;140;0;0
139;140;0;0
140;140;0;0
141;140;0;0
142;140;0;0
143;140;0;0
144;140;0;0
145;140;0;0
146;140;0;0
147;140;0;0
148;140;0;0
149;140;0;0
0;141;0;1
1;141;0;1
2;141;0;1
3;141;0;1
4;141;0;1
5;141;0;1
6;141;0;1
7;141;0;1
8;141;0;1
9;141;0;1
10;141;0;1
11;141;0;0
12;141;0;0
13;141;0;0
14;141;0;0
15;141;0;0
16;141;0;0
17;141;0;0
18;141;0;0
19;141;0;0
20;141;0;0
21;141;0;0
22;141;0;0
23;141;0;0
24;141;0;0
25;141;0;0
26;141;0;0
27;141;0;0
28;141;0;0
29;141;0;0
30;141;0;0
31;141;0;0
32;141;0;0
33;141;0;0
34;141;0;0
35;141;0;0
36;141;0;0
37;141;0;0
38;141;0;0
39;141;0;0
40;141;0;0
41;141;0;0
42;141;0;0
43;141;0;0
44;141;0;0
45;141;0;0
46;141;0;1
47;141;0;1
48;141;0;1
49;141;0;1
50;141;0;1
51;141;0;1
52;141;0;1
53;141;0;1
54;141;0;1
55;141;0;1
56;141;0;1
57;141;0;1
58;141;0;1
59;141;0;1
60;141;0;1
61;141;0;1
62;141;0;1
63;141;0;0
64;141;0;1
65;141;0;0
66;141;0;1
67;141;0;1
68;141;0;1
69;141;0;1
70;141;0;1
71;141;0;1
72;141;0;1
73;141;0;1
74;141;0;1
75;141;0;1
76;141;0;1
77;141;0;1
78;141;0;1
79;141;0;1
80;141;0;1
81;141;0;1
82;141;0;1
83;141;0;1
84;141;0;1
85;141;0;0
86;141;0;0
87;141;0;0
88;141;0;0
89;141;0;0
90;141;0;0
91;141;0;0
92;141;0;0
93;141;0;0
94;141;0;0
95;141;0;0
96;141;0;0
97;141;0;0
98;141;0;0
99;141;0;0
100;141;0;1
101;141;0;1
102;141;0;1
103;141;0;0
104;141;0;1
105;141;0;1
106;141;0;1
107;141;0;1
108;141;0;1
109;141;0;1
110;141;0;1
111;141;0;1
112;141;0;1
113;141;0;1
114;141;0;1
115;141;0;1
116;141;0;1
117;141;0;0
118;141;0;0
119;141;0;0
120;141;0;0
121;141;0;0
122;141;0;0
123;141;0;0
124;141;0;0
125;141;0;0
126;141;0;0
127;141;0;0
128;141;0;0
129;141;0;0
130;141;0;0
131;141;0;0
132;141;0;0
133;141;0;0
134;141;0;0
135;141;0;0
136;141;0;0
137;141;0;0
138;141;0;0
139;141;0;0
140;141;0;0
141;141;0;0
142;141;0;0
143;141;0;0
144;141;0;0
145;141;0;0
146;141;0;1
147;141;0;1
148;141;0;1
149;141;0;1
0;142;0;1
1;142;0;1
2;142;0;1
3;142;0;1
4;142;0;1
5;142;0;1
6;142;0;1
7;142;0;1
8;142;0;1
9;142;0;1
10;142;0;0
11;142;0;0
12;142;0;0
13;142;0;0
14;142;0;0
15;142;0;0
16;142;0;0
17;142;0;0
18;142;0;0
19;142;0;0
20;142;0;0
21;142;0;0
22;142;0;0
23;142;0;0
24;142;0;0
25;142;0;0
26;142;0;0
27;142;0;0
28;142;0;0
29;142;0;0
30;142;0;0
31;142;0;0
32;142;0;0
33;142;0;0
34;142;0;0
35;142;0;0
36;142;0;0
37;142;0;0
38;142;0;0
39;142;0;0
40;142;0;0
41;142;0;0
42;142;0;0
43;142;0;0
44;142;0;0
45;142;0;0
46;142;0;1
47;142;0;1
48;142;0;1
49;142;0;1
50;142;0;1
51;142;0;1
52;142;0;1
53;142;0;1
54;142;0;1
55;142;0;1
56;142;0;1
57;142;0;1
58;142;0;1
59;142;0;1
60;142;0;1
61;142;0;1
62;142;0;1
63;142;0;1
64;142;0;1
65;142;0;1
66;142;0;0
67;142;0;1
68;142;0;1
69;142;0;1
70;142;0;1
71;142;0;1
72;142;0;1
73;142;0;1
74;142;0;1
75;142;0;1
76;142;0;1
77;142;0;1
78;142;0;1
79;142;0;1
80;142;0;1
81;142;0;1
82;142;0;1
83;142;0;0
84;142;0;0
85;142;0;0
86;142;0;0
87;142;0;0
88;142;0;0
89;142;0;0
90;142;0;0
91;142;0;0
92;142;0;0
93;142;0;0
94;142;0;0
95;142;0;0
96;142;0;0
97;142;0;0
98;142;0;0
99;142;0;0
100;142;0;0
101;142;0;0
102;142;0;0
103;142;0;1
104;142;0;1
105;142;0;1
106;142;0;1
107;142;0;1
108;142;0;1
109;142;0;1
110;142;0;1
111;142;0;1
112;142;0;1
113;142;0;1
114;142;0;1
115;142;0;1
116;142;0;1
117;142;0;1
118;142;0;1
119;142;0;0
120;142;0;0
121;142;0;0
122;142;0;0
123;142;0;0
124;142;0;0
125;142;0;0
126;142;0;0
127;142;0;0
128;142;0;0
129;142;0;0
130;142;0;0
131;142;0;0
132;142;0;0
133;142;0;0
134;142;0;0
135;142;0;0
136;142;0;0
137;142;0;0
138;142;0;0
139;142;0;0
140;142;0;0
141;142;0;0
142;142;0;0
143;142;0;0
144;142;0;0
145;142;0;1
146;142;0;1
147;142;0;1
148;142;0;1
149;142;0;1
0;143;0;1
1;143;0;1
2;143;0;1
3;143;0;1
4;143;0;1
5;143;0;1
6;143;0;1
7;143;0;1
8;143;0;1
9;143;0;0
10;143;0;0
11;143;0;0
12;143;0;0
13;143;0;0
14;143;0;0
15;143;0;0
16;143;0;0
17;143;0;0
18;143;0;0
19;143;0;0
20;143;0;0
21;143;0;0
22;143;0;0
23;143;0;0
24;143;0;0
25;143;0;0
26;143;0;0
27;143;0;0
28;143;0;0
29;143;0;0
30;143;0;0
31;143;0;0
32;143;0;0
33;143;0;0
34;143;0;0
35;143;0;0
36;143;0;0
37;143;0;0
38;143;0;0
39;143;0;0
40;143;0;0
41;143;0;0
42;143;0;0
43;143;0;0
44;143;0;0
45;143;0;0
46;143;0;1
47;143;0;1
48;143;0;1
49;143;0;1
50;143;0;1
51;143;0;1
52;143;0;1
53;143;0;1
54;143;0;1
55;143;0;1
56;143;0;1
57;143;0;1
58;143;0;1
59;143;0;1
60;143;0;1
61;143;0;1
62;143;0;1
63;143;0;0
64;143;0;1
65;143;0;0
66;143;0;1
67;143;0;1
68;143;0;1
69;143;0;1
70;143;0;1
71;143;0;1
72;143;0;1
73;143;0;1
74;143;0;1
75;143;0;1
76;143;0;1
77;143;0;1
78;143;0;1
79;143;0;1
80;143;0;1
81;143;0;0
82;143;0;0
83;143;0;0
84;143;0;0
85;143;0;0
86;143;0;0
87;143;0;0
88;143;0;0
89;143;0;0
90;143;0;0
91;143;0;0
92;143;0;0
93;143;0;0
94;143;0;0
95;143;0;0
96;143;0;0
97;143;0;0
98;143;0;0
99;143;0;0
100;143;0;0
101;143;0;0
102;143;0;0
103;143;0;0
104;143;0;0
105;143;0;1
106;143;0;1
107;143;0;1
108;143;0;1
109;143;0;1
110;143;0;1
111;143;0;1
112;143;0;1
113;143;0;1
114;143;0;1
115;143;0;1
116;143;0;1
117;143;0;1
118;143;0;1
119;143;0;1
120;143;0;1
121;143;0;1
122;143;0;0
123;143;0;0
124;143;0;0
125;143;0;0
126;143;0;0
127;143;0;0
128;143;0;1
129;143;0;1
130;143;0;1
131;143;0;1
132;143;0;1
133;143;0;1
134;143;0;1
135;143;0;1
136;143;0;1
137;143;0;1
138;143;0;1
139;143;0;1
140;143;0;0
141;143;0;0
142;143;0;0
143;143;0;0
144;143;0;1
145;143;0;1
146;143;0;1
147;143;0;1
148;143;0;1
149;143;0;1
0;144;0;1
1;144;0;1
2;144;0;1
3;144;0;1
4;144;0;1
5;144;0;0
6;144;0;0
7;144;0;0
8;144;0;0
9;144;0;0
10;144;0;0
11;144;0;0
12;144;0;0
13;144;0;0
14;144;0;0
15;144;0;0
16;144;0;0
17;144;0;0
18;144;0;0
19;144;0;0
20;144;0;0
21;144;0;0
22;144;0;0
23;144;0;0
24;144;0;0
25;144;0;0
26;144;0;0
27;144;0;0
28;144;0;0
29;144;0;0
30;144;0;0
31;144;0;0
32;144;0;0
33;144;0;0
34;144;0;0
35;144;0;0
36;144;0;0
37;144;0;0
38;144;0;0
39;144;0;0
40;144;0;0
41;144;0;0
42;144;0;0
43;144;0;0
44;144;0;0
45;144;0;1
46;144;0;1
47;144;0;1
48;144;0;1
49;144;0;1
50;144;0;1
51;144;0;1
52;144;0;1
53;144;0;1
54;144;0;1
55;144;0;1
56;144;0;1
57;144;0;1
58;144;0;1
59;144;0;1
60;144;0;1
61;144;0;1
62;144;0;1
63;144;0;1
64;144;0;1
65;144;0;1
66;144;0;1
67;144;0;1
68;144;0;1
69;144;0;1
70;144;0;1
71;144;0;1
72;144;0;1
73;144;0;1
74;144;0;1
75;144;0;1
76;144;0;1
77;144;0;1
78;144;0;1
79;144;0;0
80;144;0;0
81;144;0;0
82;144;0;0
83;144;0;0
84;144;0;0
85;144;0;0
86;144;0;0
87;144;0;0
88;144;0;0
89;144;0;0
90;144;0;0
91;144;0;0
92;144;0;0
93;144;0;0
94;144;0;0
95;144;0;0
96;144;0;0
97;144;0;0
98;144;0;0
99;144;0;0
100;144;0;0
101;144;0;0
102;144;0;0
103;144;0;0
104;144;0;0
105;144;0;1
106;144;0;1
107;144;0;1
108;144;0;1
109;144;0;1
110;144;0;1
111;144;0;1
112;144;0;1
113;144;0;1
114;144;0;1
115;144;0;1
116;144;0;1
117;144;0;1
118;144;0;1
119;144;0;1
120;144;0;1
121;144;0;1
122;144;0;1
123;144;0;1
124;144;0;1
125;144;0;1
126;144;0;1
127;144;0;1
128;144;0;1
129;144;0;1
130;144;0;1
131;144;0;1
132;144;0;1
133;144;0;1
134;144;0;1
135;144;0;1
136;144;0;1
137;144;0;1
138;144;0;1
139;144;0;1
140;144;0;1
141;144;0;1
142;144;0;1
143;144;0;1
144;144;0;1
145;144;0;1
146;144;0;1
147;144;0;1
148;144;0;1
149;144;0;1
0;145;0;0
1;145;0;1
2;145;0;1
3;145;0;0
4;145;0;0
5;145;0;0
6;145;0;0
7;145;0;0
8;145;0;0
9;145;0;0
10;145;0;0
11;145;0;0
12;145;0;0
13;145;0;0
14;145;0;0
15;145;0;0
16;145;0;0
17;145;0;0
18;145;0;0
19;145;0;0
20;145;0;0
21;145;0;0
22;145;0;0
23;145;0;0
24;145;0;0
25;145;0;0
26;145;0;0
27;145;0;0
28;145;0;0
29;145;0;0
30;145;0;0
31;145;0;0
32;145;0;0
33;145;0;0
34;145;0;0
35;145;0;0
36;145;0;0
37;145;0;0
38;145;0;0
39;145;0;0
40;145;0;0
41;145;0;0
42;145;0;0
43;145;0;0
44;145;0;1
45;145;0;1
46;145;0;1
47;145;0;1
48;145;0;1
49;145;0;1
50;145;0;1
51;145;0;1
52;145;0;1
53;145;0;1
54;145;0;1
55;145;0;1
56;145;0;1
57;145;0;1
58;145;0;1
59;145;0;1
60;145;0;1
61;145;0;1
62;145;0;1
63;145;0;1
64;145;0;1
65;145;0;1
66;145;0;1
67;145;0;1
68;145;0;1
69;145;0;1
70;145;0;1
71;145;0;1
72;145;0;1
73;145;0;1
74;145;0;1
75;145;0;1
76;145;0;1
77;145;0;0
78;145;0;0
79;145;0;0
80;145;0;0
81;145;0;0
82;145;0;0
83;145;0;0
84;145;0;0
85;145;0;0
86;145;0;0
87;145;0;0
88;145;0;0
89;145;0;0
90;145;0;0
91;145;0;0
92;145;0;0
93;145;0;0
94;145;0;0
95;145;0;0
96;145;0;0
97;145;0;0
98;145;0;0
99;145;0;0
100;145;0;0
101;145;0;0
102;145;0;0
103;145;0;0
104;145;0;0
105;145;0;0
106;145;0;1
107;145;0;1
108;145;0;1
109;145;0;1
110;145;0;1
111;145;0;1
112;145;0;1
113;145;0;1
114;145;0;1
115;145;0;1
116;145;0;1
117;145;0;1
118;145;0;1
119;145;0;1
120;145;0;1
121;145;0;1
122;145;0;1
123;145;0;1
124;145;0;1
125;145;0;1
126;145;0;1
127;145;0;1
128;145;0;1
129;145;0;1
130;145;0;1
131;145;0;1
132;145;0;1
133;145;0;1
134;145;0;1
135;145;0;1
136;145;0;1
137;145;0;1
138;145;0;1
139;145;0;1
140;145;0;1
141;145;0;1
142;145;0;1
143;145;0;1
144;145;0;1
145;145;0;1
146;145;0;1
147;145;0;1
148;145;0;1
149;145;0;1
0;146;0;0
1;146;0;0
2;146;0;0
3;146;0;0
4;146;0;0
5;146;0;0
6;146;0;0
7;146;0;0
8;146;0;0
9;146;0;0
10;146;0;0
11;146;0;0
12;146;0;0
13;146;0;0
14;146;0;0
15;146;0;0
16;146;0;0
17;146;0;0
18;146;0;0
19;146;0;0
20;146;0;0
21;146;0;0
22;146;0;0
23;146;0;0
24;146;0;0
25;146;0;0
26;146;0;0
27;146;0;0
28;146;0;0
29;146;0;0
30;146;0;0
31;146;0;0
32;146;0;0
33;146;0;0
34;146;0;0
35;146;0;0
36;146;0;0
37;146;0;0
38;146;0;0
39;146;0;0
40;146;0;0
41;146;0;0
42;146;0;0
43;146;0;1
44;146;0;1
45;146;0;1
46;146;0;1
47;146;0;1
48;146;0;1
49;146;0;1
50;146;0;1
51;146;0;1
52;146;0;1
53;146;0;1
54;146;0;1
55;146;0;1
56;146;0;1
57;146;0;1
58;146;0;1
59;146;0;1
60;146;0;1
61;146;0;1
62;146;0;1
63;146;0;1
64;146;0;1
65;146;0;1
66;146;0;1
67;146;0;1
68;146;0;1
69;146;0;1
70;146;0;1
71;146;0;1
72;146;0;1
73;146;0;1
74;146;0;0
75;146;0;0
76;146;0;0
77;146;0;0
78;146;0;0
79;146;0;0
80;146;0;0
81;146;0;0
82;146;0;0
83;146;0;0
84;146;0;0
85;146;0;0
86;146;0;0
87;146;0;0
88;146;0;0
89;146;0;0
90;146;0;0
91;146;0;0
92;146;0;0
93;146;0;0
94;146;0;0
95;146;0;0
96;146;0;0
97;146;0;0
98;146;0;0
99;146;0;0
100;146;0;0
101;146;0;0
102;146;0;0
103;146;0;0
104;146;0;0
105;146;0;0
106;146;0;0
107;146;0;0
108;146;0;0
109;146;0;1
110;146;0;1
111;146;0;1
112;146;0;1
113;146;0;1
114;146;0;1
115;146;0;1
116;146;0;1
117;146;0;1
118;146;0;1
119;146;0;1
120;146;0;1
121;146;0;1
122;146;0;1
123;146;0;1
124;146;0;1
125;146;0;1
126;146;0;1
127;146;0;1
128;146;0;1
129;146;0;1
69;147;0;1
70;147;0;1
71;147;0;1
72;147;0;0
73;147;0;0
74;147;0;0
75;147;0;0
76;147;0;0
77;147;0;0
78;147;0;0
79;147;0;0
80;147;0;0
81;147;0;0
82;147;0;0
83;147;0;0
84;147;0;0
85;147;0;0
86;147;0;0
87;147;0;0
88;147;0;0
89;147;0;0
90;147;0;0
91;147;0;0
92;147;0;0
93;147;0;0
94;147;0;0
95;147;0;0
96;147;0;0
97;147;0;0
98;147;0;0
99;147;0;0
100;147;0;0
101;147;0;0
102;147;0;0
103;147;0;0
104;147;0;0
105;147;0;0
106;147;0;0
107;147;0;0
108;147;0;0
109;147;0;0
110;147;0;1
111;147;0;1
112;147;0;1
113;147;0;1
114;147;0;1
115;147;0;1
116;147;0;1
117;147;0;1
118;147;0;1
119;147;0;1
120;147;0;1
121;147;0;1
122;147;0;1
123;147;0;1
124;147;0;1
125;147;0;1
126;147;0;1
127;147;0;1
128;147;0;1
129;147;0;1
130;147;0;1
131;147;0;1
132;147;0;1
133;147;0;1
134;147;0;1
135;147;0;1
136;147;0;1
137;147;0;1
138;147;0;1
139;147;0;1
140;147;0;1
141;147;0;1
142;147;0;1
143;147;0;1
144;147;0;1
145;147;0;1
146;147;0;1
147;147;0;1
148;147;0;1
149;147;0;0
0;148;0;0
1;148;0;0
2;148;0;0
3;148;0;0
4;148;0;0
5;148;0;0
6;148;0;0
7;148;0;0
8;148;0;0
9;148;0;0
10;148;0;0
11;148;0;0
12;148;0;0
13;148;0;0
14;148;0;0
15;148;0;0
16;148;0;0
17;148;0;0
18;148;0;0
112;148;0;1
113;148;0;1
114;148;0;1
115;148;0;1
116;148;0;1
117;148;0;1
118;148;0;1
119;148;0;1
120;148;0;1
121;148;0;1
122;148;0;1
123;148;0;1
124;148;0;1
125;148;0;1
126;148;0;1
127;148;0;1
128;148;0;1
129;148;0;1
130;148;0;1
131;148;0;1
132;148;0;1
133;148;0;1
134;148;0;1
135;148;0;0
136;148;0;1
137;148;0;1
138;148;0;1
139;148;0;1
140;148;0;1
141;148;0;1
142;148;0;1
143;148;0;0
144;148;0;0
145;148;0;0
146;148;0;1
147;148;0;0
148;148;0;0
149;148;0;0
0;149;0;0
1;149;0;0
2;149;0;0
3;149;0;0
4;149;0;0
5;149;0;0
6;149;0;0
7;149;0;0
8;149;0;0
9;149;0;0
10;149;0;0
11;149;0;0
12;149;0;0
13;149;0;0
14;149;0;0
15;149;0;0
16;149;0;0
17;149;0;0
18;149;0;0
19;149;0;0
20;149;0;0
21;149;0;0
22;149;0;0
23;149;0;0
24;149;0;0
25;149;0;0
26;149;0;0
27;149;0;0
28;149;0;0
29;149;0;0
30;149;0;0
31;149;0;0
32;149;0;0
33;149;0;0
34;149;0;0
35;149;0;0
36;149;0;1
37;149;0;1
38;149;0;1
39;149;0;1
40;149;0;1
41;149;0;1
42;149;0;1
43;149;0;1
44;149;0;1
45;149;0;1
46;149;0;1
47;149;0;1
48;149;0;1
49;149;0;1
50;149;0;1
51;149;0;1
52;149;0;1
53;149;0;1
54;149;0;0
55;149;0;0
56;149;0;0
57;149;0;0
58;149;0;0
59;149;0;0
60;149;0;1
61;149;0;1
62;149;0;1
63;149;0;1
64;149;0;1
65;149;0;1
66;149;0;1
67;149;0;1
68;149;0;1
69;149;0;1
70;149;0;1
71;149;0;1
72;149;0;0
73;149;0;0
74;149;0;0
75;149;0;0
76;149;0;0
77;149;0;0
78;149;0;0
79;149;0;0
80;149;0;0
81;149;0;0
82;149;0;0
83;149;0;0
84;149;0;0
85;149;0;0
86;149;0;0
87;149;0;0
88;149;0;0
89;149;0;0
90;149;0;0
91;149;0;0
92;149;0;0
93;149;0;0
94;149;0;0
95;149;0;0
96;149;0;0
97;149;0;0
98;149;0;0
99;149;0;0
100;149;0;0
101;149;0;0
102;149;0;0
103;149;0;0
104;149;0;0
105;149;0;0
106;149;0;0
107;149;0;0
108;149;0;0
109;149;0;0
110;149;0;0
111;149;0;0
112;149;0;0
113;149;0;0
114;149;0;0
115;149;0;0
116;149;0;1
117;149;0;1
118;149;0;1
119;149;0;1
120;149;0;1
121;149;0;1
122;149;0;1
123;149;0;1
124;149;0;1
125;149;0;1
126;149;0;1
127;149;0;1
128;149;0;1
129;149;0;1
130;149;0;1
131;149;0;1
132;149;0;1
133;149;0;1
134;149;0;1
135;149;0;1
136;149;0;1
137;149;0;1
138;149;0;1
139;149;0;1
140;149;0;0
141;149;0;0
142;149;0;0
143;149;0;0
144;149;0;0
145;149;0;0
146;149;0;0
147;149;0;0
148;149;0;0
149;149;0;0
